_C_757f48ea_0 8c 0 18 0 0 206e73 
_C_789887bd_0 8c 0 60 0 0 64756d70 0 7465722e 0 636f756e 
_C_861d6825_0 84 0 7 0 0 70 
_C_949a94e0_0 8c 0 108 0 0 6c790a0a 0 7366756c 0 75636573 0 65642073 0 706c6574 0 20636f6d 0 65737473 0 6c6c2074 0 41 
_C_93944d2c_0 94 0 20 0 0 fffffff7 
_C_b35bc3_0 84 0 20 0 0 0 
_C_ad4ad0d_0 84 0 20 0 0 1 
_C_2cc0fbbf_0 8c 0 128 0 0 743d2562 0 2c206f75 0 743d2562 0 72657365 0 25622c20 0 636c6b3d 0 6e732c20 0 25356420 0 696d653d 0 74 
_C_51a5989_0 8c 0 120 0 0 30313130 0 20342762 0 6c20746f 0 65717561 0 6e6f7420 0 20697320 0 204f7574 0 5220313a 0 4552524f 
_C_3f7d714e_0 94 0 20 0 0 1 
_C_6c42c73e_0 94 0 20 0 0 9 
